   99.980000000000004     
   199.98000000000002     
   299.98000000000002     
   399.98000000000002     
   499.98000000000002     
   599.98000000000002     
   699.98000000000002     
   799.98000000000002     
   899.98000000000002     
   999.98000000000002     
   1099.9800000000000     
   1199.9800000000000     
   1299.9800000000000     
   1399.9800000000000     
   1499.9800000000000     
   1599.9800000000000     
   1699.9800000000000     
   1799.9800000000000     
   1899.9800000000000     
   1999.9800000000000     
   2099.9800000000000     
   2199.9800000000000     
   2299.9800000000000     
   2399.9800000000000     
   2499.9800000000000     
   2599.9800000000000     
   2699.9800000000000     
   2799.9800000000000     
   2899.9800000000000     
   2999.9800000000000     
   3099.9800000000000     
   3199.9800000000000     
   3299.9800000000000     
   3399.9800000000000     
   3499.9800000000000     
   3599.9800000000000     
   3699.9800000000000     
   3799.9800000000000     
   3899.9800000000000     
   3999.9800000000000     
   4099.9800000000005     
   4199.9800000000005     
   4299.9800000000005     
   4399.9800000000005     
   4499.9800000000005     
   4599.9800000000005     
   4699.9800000000005     
   4799.9800000000005     
   4899.9800000000005     
   4999.9800000000005     
   5099.9800000000005     
   5199.9800000000005     
   5299.9800000000005     
   5399.9800000000005     
   5499.9800000000005     
   5599.9800000000005     
   5699.9800000000005     
   5799.9800000000005     
   5899.9800000000005     
   5999.9800000000005     
   6099.9800000000005     
   6199.9800000000005     
   6299.9800000000005     
   6399.9800000000005     
   6499.9800000000005     
   6599.9800000000005     
   6699.9800000000005     
   6799.9800000000005     
   6899.9800000000005     
   6999.9800000000005     
   7099.9800000000005     
   7199.9800000000005     
   7299.9800000000005     
   7399.9800000000005     
   7499.9800000000005     
   7599.9800000000005     
   7699.9800000000005     
   7799.9800000000005     
   7899.9800000000005     
   7999.9800000000005     
   8099.9800000000005     
   8199.9799999999996     
   8299.9799999999996     
   8399.9799999999996     
   8499.9799999999996     
   8599.9799999999996     
   8699.9799999999996     
   8799.9799999999996     
   8899.9799999999996     
   8999.9799999999996     
   9099.9799999999996     
   9199.9799999999996     
   9299.9799999999996     
   9399.9799999999996     
   9499.9799999999996     
   9599.9799999999996     
   9699.9799999999996     
   9799.9799999999996     
   9899.9799999999996     
   9999.9799999999996     
   10099.980000000000     
   10199.980000000000     
   10299.980000000000     
   10399.980000000000     
   10499.980000000000     
   10599.980000000000     
   10699.980000000000     
   10799.980000000000     
   10899.980000000000     
   10999.980000000000     
   11099.980000000000     
   11199.980000000000     
   11299.980000000000     
   11399.980000000000     
   11499.980000000000     
   11599.980000000000     
   11699.980000000000     
   11799.980000000000     
   11899.980000000000     
   11999.980000000000     
   12099.980000000000     
   12199.980000000000     
   12299.980000000000     
   12399.980000000000     
   12499.980000000000     
   12599.980000000000     
   12699.980000000000     
   12799.980000000000     
   12899.980000000000     
   12999.980000000000     
   13099.980000000000     
   13199.980000000000     
   13299.980000000000     
   13399.980000000000     
   13499.980000000000     
   13599.980000000000     
   13699.980000000000     
   13799.980000000000     
   13899.980000000000     
   13999.980000000000     
   14099.980000000000     
   14199.980000000000     
   14299.980000000000     
   14399.980000000000     
   14499.980000000000     
   14599.980000000000     
   14699.980000000000     
   14799.980000000000     
   14899.980000000000     
   14999.980000000000     
   15099.980000000000     
   15199.980000000000     
   15299.980000000000     
   15399.980000000000     
   15499.980000000000     
   15599.980000000000     
   15699.980000000000     
   15799.980000000000     
   15899.980000000000     
   15999.980000000000     
   16099.980000000000     
   16199.980000000000     
   16299.980000000000     
   16399.980000000000     
   16499.980000000000     
   16599.980000000000     
   16699.980000000000     
   16799.980000000000     
   16899.980000000000     
   16999.980000000000     
   17099.980000000000     
   17199.980000000000     
   17299.980000000000     
   17399.980000000000     
   17499.980000000000     
   17599.980000000000     
   17699.980000000000     
   17799.980000000000     
   17899.980000000000     
   17999.980000000000     
   18099.980000000000     
   18199.980000000000     
   18299.980000000000     
   18399.980000000000     
   18499.980000000000     
   18599.980000000000     
   18699.980000000000     
   18799.980000000000     
   18899.980000000000     
   18999.980000000000     
   19099.980000000000     
   19199.980000000000     
   19299.980000000000     
   19399.980000000000     
   19499.980000000000     
   19599.980000000000     
   19699.980000000000     
   19799.980000000000     
   19899.980000000000     
   19999.980000000000     
   20099.980000000000     
   20199.980000000000     
   20299.980000000000     
   20399.980000000000     
   20499.980000000000     
   20599.980000000000     
   20699.980000000000     
   20799.980000000000     
   20899.980000000000     
   20999.980000000000     
   21099.980000000000     
   21199.980000000000     
   21299.980000000000     
   21399.980000000000     
   21499.980000000000     
   21599.980000000000     
   21699.980000000000     
   21799.980000000000     
   21899.980000000000     
   21999.980000000000     
   22099.980000000000     
   22199.980000000000     
   22299.980000000000     
   22399.980000000000     
   22499.980000000000     
   22599.980000000000     
   22699.980000000000     
   22799.980000000000     
   22899.980000000000     
   22999.980000000000     
   23099.980000000000     
   23199.980000000000     
   23299.980000000000     
   23399.980000000000     
   23499.980000000000     
   23599.980000000000     
   23699.980000000000     
   23799.980000000000     
   23899.980000000000     
   23999.980000000000     
   24099.980000000000     
   24199.980000000000     
   24299.980000000000     
   24399.980000000000     
   24499.980000000000     
   24599.980000000000     
   24699.980000000000     
   24799.980000000000     
   24899.980000000000     
   24999.980000000000     
   25099.980000000000     
   25199.980000000000     
   25299.980000000000     
   25399.980000000000     
   25499.980000000000     
   25599.980000000000     
   25699.980000000000     
   25799.980000000000     
   25899.980000000000     
   25999.980000000000     
   26099.980000000000     
   26199.980000000000     
   26299.980000000000     
   26399.980000000000     
   26499.980000000000     
   26599.980000000000     
   26699.980000000000     
   26799.980000000000     
   26899.980000000000     
   26999.980000000000     
   27099.980000000000     
   27199.980000000000     
   27299.980000000000     
   27399.980000000000     
   27499.980000000000     
   27599.980000000000     
   27699.980000000000     
   27799.980000000000     
   27899.980000000000     
   27999.980000000000     
   28099.980000000000     
   28199.980000000000     
   28299.980000000000     
   28399.980000000000     
   28499.980000000000     
   28599.980000000000     
   28699.980000000000     
   28799.980000000000     
   28899.980000000000     
   28999.980000000000     
   29099.980000000000     
   29199.980000000000     
   29299.980000000000     
   29399.980000000000     
   29499.980000000000     
   29599.980000000000     
   29699.980000000000     
   29799.980000000000     
   29899.980000000000     
   29999.980000000000     
   30099.980000000000     
   30199.980000000000     
   30299.980000000000     
   30399.980000000000     
   30499.980000000000     
   30599.980000000000     
   30699.980000000000     
   30799.980000000000     
   30899.980000000000     
   30999.980000000000     
   31099.980000000000     
   31199.980000000000     
   31299.980000000000     
   31399.980000000000     
   31499.980000000000     
   31599.980000000000     
   31699.980000000000     
   31799.980000000000     
   31899.980000000000     
   31999.980000000000     
   32099.980000000000     
   32199.980000000000     
   32299.980000000000     
   32399.980000000000     
   32499.980000000000     
   32599.980000000000     
   32699.980000000000     
   32799.980000000003     
   32899.980000000003     
   32999.980000000003     
   33099.980000000003     
   33199.980000000003     
   33299.980000000003     
   33399.980000000003     
   33499.980000000003     
   33599.980000000003     
   33699.980000000003     
   33799.980000000003     
   33899.980000000003     
   33999.980000000003     
   34099.980000000003     
   34199.980000000003     
   34299.980000000003     
   34399.980000000003     
   34499.980000000003     
   34599.980000000003     
   34699.980000000003     
   34799.980000000003     
   34899.980000000003     
   34999.980000000003     
   35099.980000000003     
   35199.980000000003     
   35299.980000000003     
   35399.980000000003     
   35499.980000000003     
   35599.980000000003     
   35699.980000000003     
   35799.980000000003     
   35899.980000000003     
   35999.980000000003     
   36099.980000000003     
   36199.980000000003     
   36299.980000000003     
   36399.980000000003     
   36499.980000000003     
   36599.980000000003     
   36699.980000000003     
   36799.980000000003     
   36899.980000000003     
   36999.980000000003     
   37099.980000000003     
   37199.980000000003     
   37299.980000000003     
   37399.980000000003     
   37499.980000000003     
   37599.980000000003     
   37699.980000000003     
   37799.980000000003     
   37899.980000000003     
   37999.980000000003     
   38099.980000000003     
   38199.980000000003     
   38299.980000000003     
   38399.980000000003     
   38499.980000000003     
   38599.980000000003     
   38699.980000000003     
   38799.980000000003     
   38899.980000000003     
   38999.980000000003     
   39099.980000000003     
   39199.980000000003     
   39299.980000000003     
   39399.980000000003     
   39499.980000000003     
   39599.980000000003     
   39699.980000000003     
   39799.980000000003     
   39899.980000000003     
   39999.980000000003     
   40099.980000000003     
   40199.980000000003     
   40299.980000000003     
   40399.980000000003     
   40499.980000000003     
   40599.980000000003     
   40699.980000000003     
   40799.980000000003     
   40899.980000000003     
   40999.980000000003     
   41099.980000000003     
   41199.980000000003     
   41299.980000000003     
   41399.980000000003     
   41499.980000000003     
   41599.980000000003     
   41699.980000000003     
   41799.980000000003     
   41899.980000000003     
   41999.980000000003     
   42099.980000000003     
   42199.980000000003     
   42299.980000000003     
   42399.980000000003     
   42499.980000000003     
   42599.980000000003     
   42699.980000000003     
   42799.980000000003     
   42899.980000000003     
   42999.980000000003     
   43099.980000000003     
   43199.980000000003     
   43299.980000000003     
   43399.980000000003     
   43499.980000000003     
   43599.980000000003     
   43699.980000000003     
   43799.980000000003     
   43899.980000000003     
   43999.980000000003     
   44099.980000000003     
   44199.980000000003     
   44299.980000000003     
   44399.980000000003     
   44499.980000000003     
   44599.980000000003     
   44699.980000000003     
   44799.980000000003     
   44899.980000000003     
   44999.980000000003     
   45099.980000000003     
   45199.980000000003     
   45299.980000000003     
   45399.980000000003     
   45499.980000000003     
   45599.980000000003     
   45699.980000000003     
   45799.980000000003     
   45899.980000000003     
   45999.980000000003     
   46099.980000000003     
   46199.980000000003     
   46299.980000000003     
   46399.980000000003     
   46499.980000000003     
   46599.980000000003     
   46699.980000000003     
   46799.980000000003     
   46899.980000000003     
   46999.980000000003     
   47099.980000000003     
   47199.980000000003     
   47299.980000000003     
   47399.980000000003     
   47499.980000000003     
   47599.980000000003     
   47699.980000000003     
   47799.980000000003     
   47899.980000000003     
   47999.980000000003     
   48099.980000000003     
   48199.980000000003     
   48299.980000000003     
   48399.980000000003     
   48499.980000000003     
   48599.980000000003     
   48699.980000000003     
   48799.980000000003     
   48899.980000000003     
   48999.980000000003     
   49099.980000000003     
   49199.980000000003     
   49299.980000000003     
   49399.980000000003     
   49499.980000000003     
   49599.980000000003     
   49699.980000000003     
   49799.980000000003     
   49899.980000000003     
   49999.980000000003     
   50099.980000000003     
   50199.980000000003     
   50299.980000000003     
   50399.980000000003     
   50499.980000000003     
   50599.980000000003     
   50699.980000000003     
   50799.980000000003     
   50899.980000000003     
   50999.980000000003     
   51099.980000000003     
   51199.980000000003     
   51299.980000000003     
   51399.980000000003     
   51499.980000000003     
   51599.980000000003     
   51699.980000000003     
   51799.980000000003     
   51899.980000000003     
   51999.980000000003     
   52099.980000000003     
   52199.980000000003     
   52299.980000000003     
   52399.980000000003     
   52499.980000000003     
   52599.980000000003     
   52699.980000000003     
   52799.980000000003     
   52899.980000000003     
   52999.980000000003     
   53099.980000000003     
   53199.980000000003     
   53299.980000000003     
   53399.980000000003     
   53499.980000000003     
   53599.980000000003     
   53699.980000000003     
   53799.980000000003     
   53899.980000000003     
   53999.980000000003     
   54099.980000000003     
   54199.980000000003     
   54299.980000000003     
   54399.980000000003     
   54499.980000000003     
   54599.980000000003     
   54699.980000000003     
   54799.980000000003     
   54899.980000000003     
   54999.980000000003     
   55099.980000000003     
   55199.980000000003     
   55299.980000000003     
   55399.980000000003     
   55499.980000000003     
   55599.980000000003     
   55699.980000000003     
   55799.980000000003     
   55899.980000000003     
   55999.980000000003     
   56099.980000000003     
   56199.980000000003     
   56299.980000000003     
   56399.980000000003     
   56499.980000000003     
   56599.980000000003     
   56699.980000000003     
   56799.980000000003     
   56899.980000000003     
   56999.980000000003     
   57099.980000000003     
   57199.980000000003     
   57299.980000000003     
   57399.980000000003     
   57499.980000000003     
   57599.980000000003     
   57699.980000000003     
   57799.980000000003     
   57899.980000000003     
   57999.980000000003     
   58099.980000000003     
   58199.980000000003     
   58299.980000000003     
   58399.980000000003     
   58499.980000000003     
   58599.980000000003     
   58699.980000000003     
   58799.980000000003     
   58899.980000000003     
   58999.980000000003     
   59099.980000000003     
   59199.980000000003     
   59299.980000000003     
   59399.980000000003     
   59499.980000000003     
   59599.980000000003     
   59699.980000000003     
   59799.980000000003     
   59899.980000000003     
   59999.980000000003     
   60099.980000000003     
   60199.980000000003     
   60299.980000000003     
   60399.980000000003     
   60499.980000000003     
   60599.980000000003     
   60699.980000000003     
   60799.980000000003     
   60899.980000000003     
   60999.980000000003     
   61099.980000000003     
   61199.980000000003     
   61299.980000000003     
   61399.980000000003     
   61499.980000000003     
   61599.980000000003     
   61699.980000000003     
   61799.980000000003     
   61899.980000000003     
   61999.980000000003     
   62099.980000000003     
   62199.980000000003     
   62299.980000000003     
   62399.980000000003     
   62499.980000000003     
   62599.980000000003     
   62699.980000000003     
   62799.980000000003     
   62899.980000000003     
   62999.980000000003     
   63099.980000000003     
   63199.980000000003     
   63299.980000000003     
   63399.980000000003     
   63499.980000000003     
   63599.980000000003     
   63699.980000000003     
   63799.980000000003     
   63899.980000000003     
   63999.980000000003     
   64099.980000000003     
   64199.980000000003     
   64299.980000000003     
   64399.980000000003     
   64499.980000000003     
   64599.980000000003     
   64699.980000000003     
   64799.980000000003     
   64899.980000000003     
   64999.980000000003     
   65099.980000000003     
   65199.980000000003     
   65299.980000000003     
   65399.980000000003     
   65499.980000000003     
   65599.979999999996     
   65699.979999999996     
   65799.979999999996     
   65899.979999999996     
   65999.979999999996     
   66099.979999999996     
   66199.979999999996     
   66299.979999999996     
   66399.979999999996     
   66499.979999999996     
   66599.979999999996     
   66699.979999999996     
   66799.979999999996     
   66899.979999999996     
   66999.979999999996     
   67099.979999999996     
   67199.979999999996     
   67299.979999999996     
   67399.979999999996     
   67499.979999999996     
   67599.979999999996     
   67699.979999999996     
   67799.979999999996     
   67899.979999999996     
   67999.979999999996     
   68099.979999999996     
   68199.979999999996     
   68299.979999999996     
   68399.979999999996     
   68499.979999999996     
   68599.979999999996     
   68699.979999999996     
   68799.979999999996     
   68899.979999999996     
   68999.979999999996     
   69099.979999999996     
   69199.979999999996     
   69299.979999999996     
   69399.979999999996     
   69499.979999999996     
   69599.979999999996     
   69699.979999999996     
   69799.979999999996     
   69899.979999999996     
   69999.979999999996     
   70099.979999999996     
   70199.979999999996     
   70299.979999999996     
   70399.979999999996     
   70499.979999999996     
   70599.979999999996     
   70699.979999999996     
   70799.979999999996     
   70899.979999999996     
   70999.979999999996     
   71099.979999999996     
   71199.979999999996     
   71299.979999999996     
   71399.979999999996     
   71499.979999999996     
   71599.979999999996     
   71699.979999999996     
   71799.979999999996     
   71899.979999999996     
   71999.979999999996     
   72099.979999999996     
   72199.979999999996     
   72299.979999999996     
   72399.979999999996     
   72499.979999999996     
   72599.979999999996     
   72699.979999999996     
   72799.979999999996     
   72899.979999999996     
   72999.979999999996     
   73099.979999999996     
   73199.979999999996     
   73299.979999999996     
   73399.979999999996     
   73499.979999999996     
   73599.979999999996     
   73699.979999999996     
   73799.979999999996     
   73899.979999999996     
   73999.979999999996     
   74099.979999999996     
   74199.979999999996     
   74299.979999999996     
   74399.979999999996     
   74499.979999999996     
   74599.979999999996     
   74699.979999999996     
   74799.979999999996     
   74899.979999999996     
   74999.979999999996     
   75099.979999999996     
   75199.979999999996     
   75299.979999999996     
   75399.979999999996     
   75499.979999999996     
   75599.979999999996     
   75699.979999999996     
   75799.979999999996     
   75899.979999999996     
   75999.979999999996     
   76099.979999999996     
   76199.979999999996     
   76299.979999999996     
   76399.979999999996     
   76499.979999999996     
   76599.979999999996     
   76699.979999999996     
   76799.979999999996     
   76899.979999999996     
   76999.979999999996     
   77099.979999999996     
   77199.979999999996     
   77299.979999999996     
   77399.979999999996     
   77499.979999999996     
   77599.979999999996     
   77699.979999999996     
   77799.979999999996     
   77899.979999999996     
   77999.979999999996     
   78099.979999999996     
   78199.979999999996     
   78299.979999999996     
   78399.979999999996     
   78499.979999999996     
   78599.979999999996     
   78699.979999999996     
   78799.979999999996     
   78899.979999999996     
   78999.979999999996     
   79099.979999999996     
   79199.979999999996     
   79299.979999999996     
   79399.979999999996     
   79499.979999999996     
   79599.979999999996     
   79699.979999999996     
   79799.979999999996     
   79899.979999999996     
   79999.979999999996     
   80099.979999999996     
   80199.979999999996     
   80299.979999999996     
   80399.979999999996     
   80499.979999999996     
   80599.979999999996     
   80699.979999999996     
   80799.979999999996     
   80899.979999999996     
   80999.979999999996     
   81099.979999999996     
   81199.979999999996     
   81299.979999999996     
   81399.979999999996     
   81499.979999999996     
   81599.979999999996     
   81699.979999999996     
   81799.979999999996     
   81899.979999999996     
   81999.979999999996     
   82099.979999999996     
   82199.979999999996     
   82299.979999999996     
   82399.979999999996     
   82499.979999999996     
   82599.979999999996     
   82699.979999999996     
   82799.979999999996     
   82899.979999999996     
   82999.979999999996     
   83099.979999999996     
   83199.979999999996     
   83299.979999999996     
   83399.979999999996     
   83499.979999999996     
   83599.979999999996     
   83699.979999999996     
   83799.979999999996     
   83899.979999999996     
   83999.979999999996     
   84099.979999999996     
   84199.979999999996     
   84299.979999999996     
   84399.979999999996     
   84499.979999999996     
   84599.979999999996     
   84699.979999999996     
   84799.979999999996     
   84899.979999999996     
   84999.979999999996     
   85099.979999999996     
   85199.979999999996     
   85299.979999999996     
   85399.979999999996     
   85499.979999999996     
   85599.979999999996     
   85699.979999999996     
   85799.979999999996     
   85899.979999999996     
   85999.979999999996     
   86099.979999999996     
   86199.979999999996     
   86299.979999999996     
   86399.979999999996     
   86499.979999999996     
   86599.979999999996     
   86699.979999999996     
   86799.979999999996     
   86899.979999999996     
   86999.979999999996     
   87099.979999999996     
   87199.979999999996     
   87299.979999999996     
   87399.979999999996     
   87499.979999999996     
   87599.979999999996     
   87699.979999999996     
   87799.979999999996     
   87899.979999999996     
   87999.979999999996     
   88099.979999999996     
   88199.979999999996     
   88299.979999999996     
   88399.979999999996     
   88499.979999999996     
   88599.979999999996     
   88699.979999999996     
   88799.979999999996     
   88899.979999999996     
   88999.979999999996     
   89099.979999999996     
   89199.979999999996     
   89299.979999999996     
   89399.979999999996     
   89499.979999999996     
   89599.979999999996     
   89699.979999999996     
   89799.979999999996     
   89899.979999999996     
   89999.979999999996     
   90099.979999999996     
   90199.979999999996     
   90299.979999999996     
   90399.979999999996     
   90499.979999999996     
   90599.979999999996     
   90699.979999999996     
   90799.979999999996     
   90899.979999999996     
   90999.979999999996     
   91099.979999999996     
   91199.979999999996     
   91299.979999999996     
   91399.979999999996     
   91499.979999999996     
   91599.979999999996     
   91699.979999999996     
   91799.979999999996     
   91899.979999999996     
   91999.979999999996     
   92099.979999999996     
   92199.979999999996     
   92299.979999999996     
   92399.979999999996     
   92499.979999999996     
   92599.979999999996     
   92699.979999999996     
   92799.979999999996     
   92899.979999999996     
   92999.979999999996     
   93099.979999999996     
   93199.979999999996     
   93299.979999999996     
   93399.979999999996     
   93499.979999999996     
   93599.979999999996     
   93699.979999999996     
   93799.979999999996     
   93899.979999999996     
   93999.979999999996     
   94099.979999999996     
   94199.979999999996     
   94299.979999999996     
   94399.979999999996     
   94499.979999999996     
   94599.979999999996     
   94699.979999999996     
   94799.979999999996     
   94899.979999999996     
   94999.979999999996     
   95099.979999999996     
   95199.979999999996     
   95299.979999999996     
   95399.979999999996     
   95499.979999999996     
   95599.979999999996     
   95699.979999999996     
   95799.979999999996     
   95899.979999999996     
   95999.979999999996     
   96099.979999999996     
   96199.979999999996     
   96299.979999999996     
   96399.979999999996     
   96499.979999999996     
   96599.979999999996     
   96699.979999999996     
   96799.979999999996     
   96899.979999999996     
   96999.979999999996     
   97099.979999999996     
   97199.979999999996     
   97299.979999999996     
   97399.979999999996     
   97499.979999999996     
   97599.979999999996     
   97699.979999999996     
   97799.979999999996     
   97899.979999999996     
   97999.979999999996     
   98099.979999999996     
   98199.979999999996     
   98299.979999999996     
   98399.979999999996     
   98499.979999999996     
   98599.979999999996     
   98699.979999999996     
   98799.979999999996     
   98899.979999999996     
   98999.979999999996     
   99099.979999999996     
   99199.979999999996     
   99299.979999999996     
   99399.979999999996     
   99499.979999999996     
   99599.979999999996     
   99699.979999999996     
   99799.979999999996     
   99899.979999999996     
   99999.979999999996     
