   2.0000000000000000     
   7.0000000000000000     
   12.000000000000000     
   17.000000000000000     
   22.000000000000000     
   27.000000000000000     
   32.000000000000000     
   37.000000000000000     
   42.000000000000000     
   47.000000000000000     
   52.000000000000000     
   57.000000000000000     
   62.000000000000000     
   67.000000000000000     
   72.000000000000000     
   77.000000000000000     
   82.000000000000000     
   87.000000000000000     
   92.000000000000000     
   97.000000000000000     
   102.00000000000000     
   107.00000000000000     
   112.00000000000000     
   117.00000000000000     
   122.00000000000000     
   127.00000000000000     
   132.00000000000000     
   137.00000000000000     
   142.00000000000000     
   147.00000000000000     
   152.00000000000000     
   157.00000000000000     
   162.00000000000000     
   167.00000000000000     
   172.00000000000000     
   177.00000000000000     
   182.00000000000000     
   187.00000000000000     
   192.00000000000000     
   197.00000000000000     
   202.00000000000000     
   207.00000000000000     
   212.00000000000000     
   217.00000000000000     
   222.00000000000000     
   227.00000000000000     
   232.00000000000000     
   237.00000000000000     
   242.00000000000000     
   247.00000000000000     
   252.00000000000000     
   257.00000000000000     
   262.00000000000000     
   267.00000000000000     
   272.00000000000000     
   277.00000000000000     
   282.00000000000000     
   287.00000000000000     
   292.00000000000000     
   297.00000000000000     
   302.00000000000000     
   307.00000000000000     
   312.00000000000000     
   317.00000000000000     
   322.00000000000000     
   327.00000000000000     
   332.00000000000000     
   337.00000000000000     
   342.00000000000000     
   347.00000000000000     
   352.00000000000000     
   357.00000000000000     
   362.00000000000000     
   367.00000000000000     
   372.00000000000000     
   377.00000000000000     
   382.00000000000000     
   387.00000000000000     
   392.00000000000000     
   397.00000000000000     
   402.00000000000000     
   407.00000000000000     
   412.00000000000000     
   417.00000000000000     
   422.00000000000000     
   427.00000000000000     
   432.00000000000000     
   437.00000000000000     
   442.00000000000000     
   447.00000000000000     
   452.00000000000000     
   457.00000000000000     
   462.00000000000000     
   467.00000000000000     
   472.00000000000000     
   477.00000000000000     
   482.00000000000000     
   487.00000000000000     
   492.00000000000000     
   497.00000000000000     
   502.00000000000000     
   507.00000000000000     
   512.00000000000000     
   517.00000000000000     
   522.00000000000000     
   527.00000000000000     
   532.00000000000000     
   537.00000000000000     
   542.00000000000000     
   547.00000000000000     
   552.00000000000000     
   557.00000000000000     
   562.00000000000000     
   567.00000000000000     
   572.00000000000000     
   577.00000000000000     
   582.00000000000000     
   587.00000000000000     
   592.00000000000000     
   597.00000000000000     
   602.00000000000000     
   607.00000000000000     
   612.00000000000000     
   617.00000000000000     
   622.00000000000000     
   627.00000000000000     
   632.00000000000000     
   637.00000000000000     
   642.00000000000000     
   647.00000000000000     
   652.00000000000000     
   657.00000000000000     
   662.00000000000000     
   667.00000000000000     
   672.00000000000000     
   677.00000000000000     
   682.00000000000000     
   687.00000000000000     
   692.00000000000000     
   697.00000000000000     
   702.00000000000000     
   707.00000000000000     
   712.00000000000000     
   717.00000000000000     
   722.00000000000000     
   727.00000000000000     
   732.00000000000000     
   737.00000000000000     
   742.00000000000000     
   747.00000000000000     
   752.00000000000000     
   757.00000000000000     
   762.00000000000000     
   767.00000000000000     
   772.00000000000000     
   777.00000000000000     
   782.00000000000000     
   787.00000000000000     
   792.00000000000000     
   797.00000000000000     
   802.00000000000000     
   807.00000000000000     
   812.00000000000000     
   817.00000000000000     
   822.00000000000000     
   827.00000000000000     
   832.00000000000000     
   837.00000000000000     
   842.00000000000000     
   847.00000000000000     
   852.00000000000000     
   857.00000000000000     
   862.00000000000000     
   867.00000000000000     
   872.00000000000000     
   877.00000000000000     
   882.00000000000000     
   887.00000000000000     
   892.00000000000000     
   897.00000000000000     
   902.00000000000000     
   907.00000000000000     
   912.00000000000000     
   917.00000000000000     
   922.00000000000000     
   927.00000000000000     
   932.00000000000000     
   937.00000000000000     
   942.00000000000000     
   947.00000000000000     
   952.00000000000000     
   957.00000000000000     
   962.00000000000000     
   967.00000000000000     
   972.00000000000000     
   977.00000000000000     
   982.00000000000000     
   987.00000000000000     
   992.00000000000000     
   997.00000000000000     
   1002.0000000000000     
   1007.0000000000000     
   1012.0000000000000     
   1017.0000000000000     
   1022.0000000000000     
   1027.0000000000000     
   1032.0000000000000     
   1037.0000000000000     
   1042.0000000000000     
   1047.0000000000000     
   1052.0000000000000     
   1057.0000000000000     
   1062.0000000000000     
   1067.0000000000000     
   1072.0000000000000     
   1077.0000000000000     
   1082.0000000000000     
   1087.0000000000000     
   1092.0000000000000     
   1097.0000000000000     
   1102.0000000000000     
   1107.0000000000000     
   1112.0000000000000     
   1117.0000000000000     
   1122.0000000000000     
   1127.0000000000000     
   1132.0000000000000     
   1137.0000000000000     
   1142.0000000000000     
   1147.0000000000000     
   1152.0000000000000     
   1157.0000000000000     
   1162.0000000000000     
   1167.0000000000000     
   1172.0000000000000     
   1177.0000000000000     
   1182.0000000000000     
   1187.0000000000000     
   1192.0000000000000     
   1197.0000000000000     
   1202.0000000000000     
   1207.0000000000000     
   1212.0000000000000     
   1217.0000000000000     
   1222.0000000000000     
   1227.0000000000000     
   1232.0000000000000     
   1237.0000000000000     
   1242.0000000000000     
   1247.0000000000000     
   1252.0000000000000     
   1257.0000000000000     
   1262.0000000000000     
   1267.0000000000000     
   1272.0000000000000     
   1277.0000000000000     
   1282.0000000000000     
   1287.0000000000000     
   1292.0000000000000     
   1297.0000000000000     
   1302.0000000000000     
   1307.0000000000000     
   1312.0000000000000     
   1317.0000000000000     
   1322.0000000000000     
   1327.0000000000000     
   1332.0000000000000     
   1337.0000000000000     
   1342.0000000000000     
   1347.0000000000000     
   1352.0000000000000     
   1357.0000000000000     
   1362.0000000000000     
   1367.0000000000000     
   1372.0000000000000     
   1377.0000000000000     
   1382.0000000000000     
   1387.0000000000000     
   1392.0000000000000     
   1397.0000000000000     
   1402.0000000000000     
   1407.0000000000000     
   1412.0000000000000     
   1417.0000000000000     
   1422.0000000000000     
   1427.0000000000000     
   1432.0000000000000     
   1437.0000000000000     
   1442.0000000000000     
   1447.0000000000000     
   1452.0000000000000     
   1457.0000000000000     
   1462.0000000000000     
   1467.0000000000000     
   1472.0000000000000     
   1477.0000000000000     
   1482.0000000000000     
   1487.0000000000000     
   1492.0000000000000     
   1497.0000000000000     
   1502.0000000000000     
   1507.0000000000000     
   1512.0000000000000     
   1517.0000000000000     
   1522.0000000000000     
   1527.0000000000000     
   1532.0000000000000     
   1537.0000000000000     
   1542.0000000000000     
   1547.0000000000000     
   1552.0000000000000     
   1557.0000000000000     
   1562.0000000000000     
   1567.0000000000000     
   1572.0000000000000     
   1577.0000000000000     
   1582.0000000000000     
   1587.0000000000000     
   1592.0000000000000     
   1597.0000000000000     
   1602.0000000000000     
   1607.0000000000000     
   1612.0000000000000     
   1617.0000000000000     
   1622.0000000000000     
   1627.0000000000000     
   1632.0000000000000     
   1637.0000000000000     
   1642.0000000000000     
   1647.0000000000000     
   1652.0000000000000     
   1657.0000000000000     
   1662.0000000000000     
   1667.0000000000000     
   1672.0000000000000     
   1677.0000000000000     
   1682.0000000000000     
   1687.0000000000000     
   1692.0000000000000     
   1697.0000000000000     
   1702.0000000000000     
   1707.0000000000000     
   1712.0000000000000     
   1717.0000000000000     
   1722.0000000000000     
   1727.0000000000000     
   1732.0000000000000     
   1737.0000000000000     
   1742.0000000000000     
   1747.0000000000000     
   1752.0000000000000     
   1757.0000000000000     
   1762.0000000000000     
   1767.0000000000000     
   1772.0000000000000     
   1777.0000000000000     
   1782.0000000000000     
   1787.0000000000000     
   1792.0000000000000     
   1797.0000000000000     
   1802.0000000000000     
   1807.0000000000000     
   1812.0000000000000     
   1817.0000000000000     
   1822.0000000000000     
   1827.0000000000000     
   1832.0000000000000     
   1837.0000000000000     
   1842.0000000000000     
   1847.0000000000000     
   1852.0000000000000     
   1857.0000000000000     
   1862.0000000000000     
   1867.0000000000000     
   1872.0000000000000     
   1877.0000000000000     
   1882.0000000000000     
   1887.0000000000000     
   1892.0000000000000     
   1897.0000000000000     
   1902.0000000000000     
   1907.0000000000000     
   1912.0000000000000     
   1917.0000000000000     
   1922.0000000000000     
   1927.0000000000000     
   1932.0000000000000     
   1937.0000000000000     
   1942.0000000000000     
   1947.0000000000000     
   1952.0000000000000     
   1957.0000000000000     
   1962.0000000000000     
   1967.0000000000000     
   1972.0000000000000     
   1977.0000000000000     
   1982.0000000000000     
   1987.0000000000000     
   1992.0000000000000     
   1997.0000000000000     
